/*--------------------------------*- C++ -*----------------------------------*\
  =========                 |
  \\      /  F ield         | OpenFOAM: The Open Source CFD Toolbox
   \\    /   O peration     | Version:  v2306
    \\  /    A nd           | Website:  www.openfoam.com
     \\/     M anipulation  |
-------------------------------------------------------------------------------
Description
    Writes out values of fields with interpolation scheme nearest to specified locations.

\*---------------------------------------------------------------------------*/

probes
{
    type            probes;
    libs            (sampling);
    // Name of the directory for probe data
    name            probes;
    // Write at same frequency as fields
    writeControl    timeStep;
    writeInterval   1;
    // Fields to be probed
    fields          (C U);
    // Optional: interpolation scheme to use (default is cell)
    interpolationScheme cellPointWallModified;
    probeLocations
    (
        (-95.45941546 95.45941546 5.1)
        (-90.1561146 100.7627163 5.1)
        (-84.85281374 106.0660172 5.1)
        (-79.54951288 100.7627163 5.1)
        (-84.85281374 95.45941546 5.1)
        (-90.1561146 90.1561146 5.1)
        (-90.1561146 79.54951288 5.1)
        (-84.85281374 84.85281374 5.1)
        (-79.54951288 90.1561146 5.1)
        (-74.24621202 95.45941546 5.1)
        (-68.94291117 100.7627163 5.1)
        (-58.33630945 100.7627163 5.1)
        (-63.63961031 95.45941546 5.1)
        (-68.94291117 90.1561146 5.1)
        (-74.24621202 84.85281374 5.1)
        (-79.54951288 79.54951288 5.1)
        (-84.85281374 74.24621202 5.1)
        (-90.1561146 68.94291117 5.1)
        (-90.1561146 58.33630945 5.1)
        (-84.85281374 63.63961031 5.1)
        (-79.54951288 68.94291117 5.1)
        (-74.24621202 74.24621202 5.1)
        (-68.94291117 79.54951288 5.1)
        (-63.63961031 84.85281374 5.1)
        (-58.33630945 90.1561146 5.1)
        (-53.03300859 95.45941546 5.1)
        (-47.72970773 100.7627163 5.1)
        (-37.12310601 100.7627163 5.1)
        (-42.42640687 95.45941546 5.1)
        (-47.72970773 90.1561146 5.1)
        (-53.03300859 84.85281374 5.1)
        (-58.33630945 79.54951288 5.1)
        (-63.63961031 74.24621202 5.1)
        (-68.94291117 68.94291117 5.1)
        (-74.24621202 63.63961031 5.1)
        (-79.54951288 58.33630945 5.1)
        (-84.85281374 53.03300859 5.1)
        (-90.1561146 47.72970773 5.1)
        (-90.1561146 37.12310601 5.1)
        (-84.85281374 42.42640687 5.1)
        (-79.54951288 47.72970773 5.1)
        (-74.24621202 53.03300859 5.1)
        (-68.94291117 58.33630945 5.1)
        (-63.63961031 63.63961031 5.1)
        (-58.33630945 68.94291117 5.1)
        (-53.03300859 74.24621202 5.1)
        (-47.72970773 79.54951288 5.1)
        (-42.42640687 84.85281374 5.1)
        (-37.12310601 90.1561146 5.1)
        (-31.81980515 95.45941546 5.1)
        (-26.51650429 100.7627163 5.1)
        (-15.90990258 100.7627163 5.1)
        (-21.21320344 95.45941546 5.1)
        (-26.51650429 90.1561146 5.1)
        (-31.81980515 84.85281374 5.1)
        (-37.12310601 79.54951288 5.1)
        (-42.42640687 74.24621202 5.1)
        (-47.72970773 68.94291117 5.1)
        (-53.03300859 63.63961031 5.1)
        (-58.33630945 58.33630945 5.1)
        (-63.63961031 53.03300859 5.1)
        (-68.94291117 47.72970773 5.1)
        (-74.24621202 42.42640687 5.1)
        (-79.54951288 37.12310601 5.1)
        (-84.85281374 31.81980515 5.1)
        (-90.1561146 26.51650429 5.1)
        (-90.1561146 15.90990258 5.1)
        (-84.85281374 21.21320344 5.1)
        (-79.54951288 26.51650429 5.1)
        (-74.24621202 31.81980515 5.1)
        (-68.94291117 37.12310601 5.1)
        (-63.63961031 42.42640687 5.1)
        (-58.33630945 47.72970773 5.1)
        (-53.03300859 53.03300859 5.1)
        (-47.72970773 58.33630945 5.1)
        (-42.42640687 63.63961031 5.1)
        (-37.12310601 68.94291117 5.1)
        (-31.81980515 74.24621202 5.1)
        (-26.51650429 79.54951288 5.1)
        (-21.21320344 84.85281374 5.1)
        (-15.90990258 90.1561146 5.1)
        (-10.60660172 95.45941546 5.1)
        (-5.303300859 90.1561146 5.1)
        (-10.60660172 84.85281374 5.1)
        (-15.90990258 79.54951288 5.1)
        (-21.21320344 74.24621202 5.1)
        (-26.51650429 68.94291117 5.1)
        (-31.81980515 63.63961031 5.1)
        (-37.12310601 58.33630945 5.1)
        (-42.42640687 53.03300859 5.1)
        (-47.72970773 47.72970773 5.1)
        (-53.03300859 42.42640687 5.1)
        (-58.33630945 37.12310601 5.1)
        (-63.63961031 31.81980515 5.1)
        (-68.94291117 26.51650429 5.1)
        (-74.24621202 21.21320344 5.1)
        (-79.54951288 15.90990258 5.1)
        (-84.85281374 10.60660172 5.1)
        (-90.1561146 5.303300859 5.1)
        (-84.85281374 0.0 5.1)
        (-79.54951288 5.303300859 5.1)
        (-74.24621202 10.60660172 5.1)
        (-68.94291117 15.90990258 5.1)
        (-63.63961031 21.21320344 5.1)
        (-58.33630945 26.51650429 5.1)
        (-53.03300859 31.81980515 5.1)
        (-47.72970773 37.12310601 5.1)
        (-42.42640687 42.42640687 5.1)
        (-37.12310601 47.72970773 5.1)
        (-31.81980515 53.03300859 5.1)
        (-26.51650429 58.33630945 5.1)
        (-21.21320344 63.63961031 5.1)
        (-15.90990258 68.94291117 5.1)
        (-10.60660172 74.24621202 5.1)
        (-5.303300859 79.54951288 5.1)
        (0.0 84.85281374 5.1)
        (5.303300859 79.54951288 5.1)
        (0.0 74.24621202 5.1)
        (-5.303300859 68.94291117 5.1)
        (-10.60660172 63.63961031 5.1)
        (-15.90990258 58.33630945 5.1)
        (-21.21320344 53.03300859 5.1)
        (-26.51650429 47.72970773 5.1)
        (-31.81980515 42.42640687 5.1)
        (-37.12310601 37.12310601 5.1)
        (-42.42640687 31.81980515 5.1)
        (-47.72970773 26.51650429 5.1)
        (-53.03300859 21.21320344 5.1)
        (-58.33630945 15.90990258 5.1)
        (-63.63961031 10.60660172 5.1)
        (-68.94291117 5.303300859 5.1)
        (-74.24621202 0.0 5.1)
        (-79.54951288 -5.303300859 5.1)
        (-74.24621202 -10.60660172 5.1)
        (-68.94291117 -5.303300859 5.1)
        (-63.63961031 0.0 5.1)
        (-58.33630945 5.303300859 5.1)
        (-53.03300859 10.60660172 5.1)
        (-47.72970773 15.90990258 5.1)
        (-42.42640687 21.21320344 5.1)
        (-37.12310601 26.51650429 5.1)
        (-31.81980515 31.81980515 5.1)
        (-26.51650429 37.12310601 5.1)
        (-21.21320344 42.42640687 5.1)
        (-15.90990258 47.72970773 5.1)
        (-10.60660172 53.03300859 5.1)
        (-5.303300859 58.33630945 5.1)
        (0.0 63.63961031 5.1)
        (5.303300859 68.94291117 5.1)
        (10.60660172 74.24621202 5.1)
        (15.90990258 68.94291117 5.1)
        (10.60660172 63.63961031 5.1)
        (5.303300859 58.33630945 5.1)
        (0.0 53.03300859 5.1)
        (-5.303300859 47.72970773 5.1)
        (-10.60660172 42.42640687 5.1)
        (-15.90990258 37.12310601 5.1)
        (-21.21320344 31.81980515 5.1)
        (-26.51650429 26.51650429 5.1)
        (-31.81980515 21.21320344 5.1)
        (-37.12310601 15.90990258 5.1)
        (-42.42640687 10.60660172 5.1)
        (-47.72970773 5.303300859 5.1)
        (-53.03300859 0.0 5.1)
        (-58.33630945 -5.303300859 5.1)
        (-63.63961031 -10.60660172 5.1)
        (-68.94291117 -15.90990258 5.1)
        (-63.63961031 -21.21320344 5.1)
        (-58.33630945 -15.90990258 5.1)
        (-53.03300859 -10.60660172 5.1)
        (-47.72970773 -5.303300859 5.1)
        (-42.42640687 0.0 5.1)
        (-37.12310601 5.303300859 5.1)
        (-31.81980515 10.60660172 5.1)
        (-26.51650429 15.90990258 5.1)
        (-21.21320344 21.21320344 5.1)
        (-15.90990258 26.51650429 5.1)
        (-10.60660172 31.81980515 5.1)
        (-5.303300859 37.12310601 5.1)
        (0.0 42.42640687 5.1)
        (5.303300859 47.72970773 5.1)
        (10.60660172 53.03300859 5.1)
        (15.90990258 58.33630945 5.1)
        (21.21320344 63.63961031 5.1)
        (26.51650429 58.33630945 5.1)
        (21.21320344 53.03300859 5.1)
        (15.90990258 47.72970773 5.1)
        (10.60660172 42.42640687 5.1)
        (5.303300859 37.12310601 5.1)
        (0.0 31.81980515 5.1)
        (-5.303300859 26.51650429 5.1)
        (-10.60660172 21.21320344 5.1)
        (-15.90990258 15.90990258 5.1)
        (-21.21320344 10.60660172 5.1)
        (-26.51650429 5.303300859 5.1)
        (-31.81980515 0.0 5.1)
        (-37.12310601 -5.303300859 5.1)
        (-42.42640687 -10.60660172 5.1)
        (-47.72970773 -15.90990258 5.1)
        (-53.03300859 -21.21320344 5.1)
        (-58.33630945 -26.51650429 5.1)
        (-53.03300859 -31.81980515 5.1)
        (-47.72970773 -26.51650429 5.1)
        (-42.42640687 -21.21320344 5.1)
        (-37.12310601 -15.90990258 5.1)
        (-31.81980515 -10.60660172 5.1)
        (-26.51650429 -5.303300859 5.1)
        (-21.21320344 0.0 5.1)
        (-15.90990258 5.303300859 5.1)
        (-10.60660172 10.60660172 5.1)
        (-5.303300859 15.90990258 5.1)
        (0.0 21.21320344 5.1)
        (5.303300859 26.51650429 5.1)
        (10.60660172 31.81980515 5.1)
        (15.90990258 37.12310601 5.1)
        (21.21320344 42.42640687 5.1)
        (26.51650429 47.72970773 5.1)
        (31.81980515 53.03300859 5.1)
        (37.12310601 47.72970773 5.1)
        (31.81980515 42.42640687 5.1)
        (26.51650429 37.12310601 5.1)
        (21.21320344 31.81980515 5.1)
        (15.90990258 26.51650429 5.1)
        (10.60660172 21.21320344 5.1)
        (5.303300859 15.90990258 5.1)
        (0.0 10.60660172 5.1)
        (-5.303300859 5.303300859 5.1)
        (-10.60660172 0.0 5.1)
        (-15.90990258 -5.303300859 5.1)
        (-21.21320344 -10.60660172 5.1)
        (-26.51650429 -15.90990258 5.1)
        (-31.81980515 -21.21320344 5.1)
        (-37.12310601 -26.51650429 5.1)
        (-42.42640687 -31.81980515 5.1)
        (-47.72970773 -37.12310601 5.1)
        (-42.42640687 -42.42640687 5.1)
        (-37.12310601 -37.12310601 5.1)
        (-31.81980515 -31.81980515 5.1)
        (-26.51650429 -26.51650429 5.1)
        (-21.21320344 -21.21320344 5.1)
        (-15.90990258 -15.90990258 5.1)
        (-10.60660172 -10.60660172 5.1)
        (-5.303300859 -5.303300859 5.1)
        (0.0 0.0 5.1)
        (5.303300859 5.303300859 5.1)
        (10.60660172 10.60660172 5.1)
        (15.90990258 15.90990258 5.1)
        (21.21320344 21.21320344 5.1)
        (26.51650429 26.51650429 5.1)
        (31.81980515 31.81980515 5.1)
        (37.12310601 37.12310601 5.1)
        (42.42640687 42.42640687 5.1)
        (-84.85281374 106.0660172 2.55)
        (-90.1561146 100.7627163 2.55)
        (-95.45941546 95.45941546 2.55)
        (-85.91347391 96.52007563 2.55)
        (-90.1561146 90.1561146 2.55)
        (-90.1561146 79.54951288 2.55)
        (-90.1561146 68.94291117 2.55)
        (-90.1561146 58.33630945 2.55)
        (-90.1561146 47.72970773 2.55)
        (-90.1561146 37.12310601 2.55)
        (-90.1561146 26.51650429 2.55)
        (-90.1561146 15.90990258 2.55)
        (-90.1561146 5.303300859 2.55)
        (-90.1561146 -5.303300859 2.55)
        (-79.54951288 -5.303300859 2.55)
        (-79.54951288 5.303300859 2.55)
        (-79.54951288 15.90990258 2.55)
        (-79.54951288 26.51650429 2.55)
        (-79.54951288 37.12310601 2.55)
        (-79.54951288 47.72970773 2.55)
        (-79.54951288 58.33630945 2.55)
        (-79.54951288 68.94291117 2.55)
        (-79.54951288 79.54951288 2.55)
        (-79.54951288 90.1561146 2.55)
        (-79.54951288 100.7627163 2.55)
        (-74.24621202 95.45941546 2.55)
        (-74.24621202 84.85281374 2.55)
        (-74.24621202 74.24621202 2.55)
        (-74.24621202 63.63961031 2.55)
        (-74.24621202 53.03300859 2.55)
        (-74.24621202 42.42640687 2.55)
        (-74.24621202 31.81980515 2.55)
        (-74.24621202 21.21320344 2.55)
        (-74.24621202 10.60660172 2.55)
        (-74.24621202 0.0 2.55)
        (-74.24621202 -10.60660172 2.55)
        (-70.00357134 -14.8492424 2.55)
        (-70.00357134 -4.242640687 2.55)
        (-70.00357134 6.363961031 2.55)
        (-70.00357134 16.97056275 2.55)
        (-70.53390142 28.10749455 2.55)
        (-70.53390142 38.71409627 2.55)
        (-71.06423151 48.7903679 2.55)
        (-71.06423151 59.39696962 2.55)
        (-71.5945616 70.53390142 2.55)
        (-71.06423151 80.61017306 2.55)
        (-71.06423151 91.21677477 2.55)
        (-71.06423151 101.8233765 2.55)
        (-63.63961031 95.45941546 2.55)
        (-63.63961031 84.85281374 2.55)
        (-63.63961031 74.24621202 2.55)
        (-63.63961031 63.63961031 2.55)
        (-63.63961031 53.03300859 2.55)
        (-63.63961031 42.42640687 2.55)
        (-63.63961031 31.81980515 2.55)
        (-63.63961031 21.21320344 2.55)
        (-63.63961031 10.60660172 2.55)
        (-63.63961031 0.0 2.55)
        (-63.63961031 -10.60660172 2.55)
        (-63.63961031 -21.21320344 2.55)
        (-58.33630945 -26.51650429 2.55)
        (-58.33630945 -15.90990258 2.55)
        (-58.33630945 -5.303300859 2.55)
        (-58.33630945 5.303300859 2.55)
        (-58.33630945 15.90990258 2.55)
        (-58.33630945 26.51650429 2.55)
        (-58.33630945 37.12310601 2.55)
        (-58.33630945 47.72970773 2.55)
        (-58.33630945 58.33630945 2.55)
        (-58.33630945 68.94291117 2.55)
        (-58.33630945 79.54951288 2.55)
        (-58.33630945 84.85281374 2.55)
        (-58.33630945 95.45941546 2.55)
        (-58.33630945 100.7627163 2.55)
        (-53.03300859 100.7627163 2.55)
        (-51.44201833 93.8684252 2.55)
        (-51.44201833 83.26182348 2.55)
        (-51.44201833 72.65522177 2.55)
        (-51.44201833 62.04862005 2.55)
        (-51.44201833 51.44201833 2.55)
        (-50.91168825 40.30508653 2.55)
        (-50.38135816 30.2288149 2.55)
        (-50.38135816 19.62221318 2.55)
        (-50.38135816 9.01561146 2.55)
        (-50.38135816 -1.590990258 2.55)
        (-50.38135816 -12.19759198 2.55)
        (-50.38135816 -22.80419369 2.55)
        (-50.38135816 -34.47145558 2.55)
        (-47.72970773 -37.12310601 2.55)
        (-47.72970773 -26.51650429 2.55)
        (-47.72970773 -15.90990258 2.55)
        (-47.72970773 -5.303300859 2.55)
        (-47.72970773 5.303300859 2.55)
        (-47.72970773 15.90990258 2.55)
        (-47.72970773 26.51650429 2.55)
        (-47.72970773 37.12310601 2.55)
        (-47.72970773 47.72970773 2.55)
        (-47.72970773 58.33630945 2.55)
        (-47.72970773 68.94291117 2.55)
        (-47.72970773 79.54951288 2.55)
        (-47.72970773 90.1561146 2.55)
        (-47.72970773 100.7627163 2.55)
        (-42.42640687 100.7627163 2.55)
        (-42.42640687 95.45941546 2.55)
        (-42.42640687 84.85281374 2.55)
        (-42.42640687 74.24621202 2.55)
        (-42.42640687 63.63961031 2.55)
        (-42.42640687 53.03300859 2.55)
        (-42.42640687 42.42640687 2.55)
        (-42.42640687 31.81980515 2.55)
        (-42.42640687 21.21320344 2.55)
        (-42.42640687 10.60660172 2.55)
        (-42.42640687 0.0 2.55)
        (-42.42640687 -10.60660172 2.55)
        (-42.42640687 -21.21320344 2.55)
        (-42.42640687 -31.81980515 2.55)
        (-42.42640687 -42.42640687 2.55)
        (-31.81980515 -42.42640687 2.55)
        (-33.41079541 -33.41079541 2.55)
        (-36.06244584 -25.45584412 2.55)
        (-35.00178567 -18.03122292 2.55)
        (-35.00178567 -7.424621202 2.55)
        (-35.53211575 3.712310601 2.55)
        (-35.53211575 14.31891232 2.55)
        (-35.53211575 24.92551404 2.55)
        (-35.53211575 35.53211575 2.55)
        (-35.53211575 46.13871747 2.55)
        (-35.53211575 56.74531919 2.55)
        (-35.53211575 67.35192091 2.55)
        (-35.53211575 77.95852263 2.55)
        (-35.53211575 88.56512434 2.55)
        (-35.53211575 99.17172606 2.55)
        (-31.81980515 95.45941546 2.55)
        (-31.81980515 84.85281374 2.55)
        (-31.81980515 74.24621202 2.55)
        (-31.81980515 63.63961031 2.55)
        (-31.81980515 53.03300859 2.55)
        (-31.81980515 42.42640687 2.55)
        (-31.81980515 31.81980515 2.55)
        (-31.81980515 21.21320344 2.55)
        (-31.81980515 10.60660172 2.55)
        (-31.81980515 0.0 2.55)
        (-31.81980515 -10.60660172 2.55)
        (-31.81980515 -21.21320344 2.55)
        (-31.81980515 -31.81980515 2.55)
        (-26.51650429 -26.51650429 2.55)
        (-26.51650429 -15.90990258 2.55)
        (-26.51650429 -5.303300859 2.55)
        (-26.51650429 5.303300859 2.55)
        (-26.51650429 15.90990258 2.55)
        (-26.51650429 26.51650429 2.55)
        (-26.51650429 37.12310601 2.55)
        (-26.51650429 47.72970773 2.55)
        (-26.51650429 58.33630945 2.55)
        (-26.51650429 68.94291117 2.55)
        (-26.51650429 79.54951288 2.55)
        (-26.51650429 90.1561146 2.55)
        (-26.51650429 100.7627163 2.55)
        (-21.21320344 100.7627163 2.55)
        (-21.21320344 95.45941546 2.55)
        (-21.21320344 84.85281374 2.55)
        (-21.21320344 74.24621202 2.55)
        (-21.21320344 63.63961031 2.55)
        (-21.21320344 53.03300859 2.55)
        (-21.21320344 42.42640687 2.55)
        (-20.15254326 30.75914498 2.55)
        (-20.15254326 20.15254326 2.55)
        (-19.09188309 10.60660172 2.55)
        (-19.09188309 0.0 2.55)
        (-19.62221318 -11.1369318 2.55)
        (-19.62221318 -21.74353352 2.55)
        (-15.90990258 -15.90990258 2.55)
        (-15.90990258 -5.303300859 2.55)
        (-15.90990258 5.303300859 2.55)
        (-15.90990258 15.90990258 2.55)
        (-15.90990258 26.51650429 2.55)
        (-15.90990258 37.12310601 2.55)
        (-15.90990258 47.72970773 2.55)
        (-15.90990258 58.33630945 2.55)
        (-15.90990258 68.94291117 2.55)
        (-15.90990258 79.54951288 2.55)
        (-15.90990258 90.1561146 2.55)
        (-15.90990258 100.7627163 2.55)
        (-10.60660172 95.45941546 2.55)
        (-10.60660172 84.85281374 2.55)
        (-10.60660172 74.24621202 2.55)
        (-10.60660172 63.63961031 2.55)
        (-10.60660172 53.03300859 2.55)
        (-10.60660172 42.42640687 2.55)
        (-10.60660172 31.81980515 2.55)
        (-10.60660172 21.21320344 2.55)
        (-10.60660172 10.60660172 2.55)
        (-10.60660172 0.0 2.55)
        (-10.60660172 -10.60660172 2.55)
        (-5.303300859 -5.303300859 2.55)
        (-2.651650429 -2.651650429 2.55)
        (-2.651650429 2.651650429 2.55)
        (-3.712310601 14.31891232 2.55)
        (-3.712310601 24.92551404 2.55)
        (-3.712310601 35.53211575 2.55)
        (-3.712310601 46.13871747 2.55)
        (-3.712310601 56.74531919 2.55)
        (-4.772970773 68.41258108 2.55)
        (-4.772970773 79.0191828 2.55)
        (-4.772970773 89.62578452 2.55)
        (0.0 84.85281374 2.55)
        (0.0 74.24621202 2.55)
        (0.0 63.63961031 2.55)
        (0.0 53.03300859 2.55)
        (0.0 42.42640687 2.55)
        (0.0 31.81980515 2.55)
        (0.0 21.21320344 2.55)
        (0.0 10.60660172 2.55)
        (0.0 0.0 2.55)
        (5.303300859 5.303300859 2.55)
        (5.303300859 15.90990258 2.55)
        (5.303300859 26.51650429 2.55)
        (5.303300859 37.12310601 2.55)
        (5.303300859 47.72970773 2.55)
        (5.303300859 58.33630945 2.55)
        (5.303300859 68.94291117 2.55)
        (5.303300859 79.54951288 2.55)
        (11.66726189 75.3068722 2.55)
        (10.60660172 63.63961031 2.55)
        (11.1369318 52.5026785 2.55)
        (11.66726189 41.3657467 2.55)
        (11.66726189 30.75914498 2.55)
        (12.19759198 19.62221318 2.55)
        (12.72792206 12.72792206 2.55)
        (15.90990258 15.90990258 2.55)
        (15.90990258 26.51650429 2.55)
        (15.90990258 37.12310601 2.55)
        (15.90990258 47.72970773 2.55)
        (15.90990258 58.33630945 2.55)
        (15.90990258 68.94291117 2.55)
        (19.62221318 65.23060056 2.55)
        (20.15254326 54.09366876 2.55)
        (20.15254326 43.48706704 2.55)
        (20.15254326 32.88046533 2.55)
        (20.15254326 22.27386361 2.55)
        (21.21320344 15.90990258 2.55)
        (26.51650429 15.90990258 2.55)
        (26.51650429 26.51650429 2.55)
        (26.51650429 37.12310601 2.55)
        (26.51650429 47.72970773 2.55)
        (26.51650429 58.33630945 2.55)
        (31.81980515 53.03300859 2.55)
        (31.81980515 42.42640687 2.55)
        (31.81980515 31.81980515 2.55)
        (42.42640687 42.42640687 2.55)
        (36.06244584 36.06244584 2.55)
        (35.53211575 48.26003782 2.55)
        (-84.85281374 79.54951288 2.55)
        (-68.94291117 79.54951288 2.55)
        (-53.03300859 79.54951288 2.55)
        (-39.24442636 79.54951288 2.55)
        (-24.92551404 81.14050314 2.55)
        (-9.01561146 81.14050314 2.55)
        (7.954951288 82.20116331 2.55)
        (22.27386361 59.39696962 2.55)
        (7.424621202 58.33630945 2.55)
        (-6.363961031 59.39696962 2.55)
        (-23.33452378 58.33630945 2.55)
        (-38.18376618 59.39696962 2.55)
        (-53.03300859 58.33630945 2.55)
        (-68.94291117 58.33630945 2.55)
        (-84.85281374 58.33630945 2.55)
        (-87.50446417 58.33630945 2.55)
        (-87.50446417 37.12310601 2.55)
        (-84.85281374 37.12310601 2.55)
        (-68.94291117 37.12310601 2.55)
        (-53.03300859 37.12310601 2.55)
        (-37.12310601 37.12310601 2.55)
        (-22.27386361 37.12310601 2.55)
        (-5.303300859 37.12310601 2.55)
        (10.60660172 37.12310601 2.55)
        (22.80419369 38.71409627 2.55)
        (33.41079541 28.10749455 2.55)
        (22.80419369 17.50089283 2.55)
        (10.60660172 15.90990258 2.55)
        (-5.303300859 15.90990258 2.55)
        (-22.80419369 14.31891232 2.55)
        (-38.18376618 14.8492424 2.55)
        (-52.5026785 15.37957249 2.55)
        (-67.88225099 14.8492424 2.55)
        (-84.85281374 15.90990258 2.55)
        (-90.1561146 10.60660172 2.55)
        (-89.09545443 -6.363961031 2.55)
        (-83.26182348 -6.894291117 2.55)
        (-67.35192091 -6.894291117 2.55)
        (-51.97234842 -6.363961031 2.55)
        (-37.12310601 -5.303300859 2.55)
        (-22.80419369 -6.894291117 2.55)
        (-18.56155301 -2.651650429 2.55)
        (-18.56155301 -23.86485387 2.55)
        (-21.21320344 -26.51650429 2.55)
        (-37.12310601 -26.51650429 2.55)
        (-53.03300859 -26.51650429 2.55)
        (-84.85281374 106.0660172 1.275)
        (-90.1561146 100.7627163 1.275)
        (-95.45941546 95.45941546 1.275)
        (-85.91347391 96.52007563 1.275)
        (-90.1561146 90.1561146 1.275)
        (-90.1561146 79.54951288 1.275)
        (-90.1561146 68.94291117 1.275)
        (-90.1561146 58.33630945 1.275)
        (-90.1561146 47.72970773 1.275)
        (-90.1561146 37.12310601 1.275)
        (-90.1561146 26.51650429 1.275)
        (-90.1561146 15.90990258 1.275)
        (-90.1561146 5.303300859 1.275)
        (-90.1561146 -5.303300859 1.275)
        (-79.54951288 -5.303300859 1.275)
        (-79.54951288 5.303300859 1.275)
        (-79.54951288 15.90990258 1.275)
        (-79.54951288 26.51650429 1.275)
        (-79.54951288 37.12310601 1.275)
        (-79.54951288 47.72970773 1.275)
        (-79.54951288 58.33630945 1.275)
        (-79.54951288 68.94291117 1.275)
        (-79.54951288 79.54951288 1.275)
        (-79.54951288 90.1561146 1.275)
        (-79.54951288 100.7627163 1.275)
        (-74.24621202 95.45941546 1.275)
        (-74.24621202 84.85281374 1.275)
        (-74.24621202 74.24621202 1.275)
        (-74.24621202 63.63961031 1.275)
        (-74.24621202 53.03300859 1.275)
        (-74.24621202 42.42640687 1.275)
        (-74.24621202 31.81980515 1.275)
        (-74.24621202 21.21320344 1.275)
        (-74.24621202 10.60660172 1.275)
        (-74.24621202 0.0 1.275)
        (-74.24621202 -10.60660172 1.275)
        (-70.00357134 -14.8492424 1.275)
        (-70.00357134 -4.242640687 1.275)
        (-70.00357134 6.363961031 1.275)
        (-70.00357134 16.97056275 1.275)
        (-70.53390142 28.10749455 1.275)
        (-70.53390142 38.71409627 1.275)
        (-71.06423151 48.7903679 1.275)
        (-71.06423151 59.39696962 1.275)
        (-71.5945616 70.53390142 1.275)
        (-71.06423151 80.61017306 1.275)
        (-71.06423151 101.8233765 1.275)
        (-63.63961031 95.45941546 1.275)
        (-63.63961031 84.85281374 1.275)
        (-63.63961031 74.24621202 1.275)
        (-63.63961031 63.63961031 1.275)
        (-63.63961031 53.03300859 1.275)
        (-63.63961031 42.42640687 1.275)
        (-63.63961031 31.81980515 1.275)
        (-63.63961031 21.21320344 1.275)
        (-63.63961031 10.60660172 1.275)
        (-63.63961031 0.0 1.275)
        (-63.63961031 -10.60660172 1.275)
        (-63.63961031 -21.21320344 1.275)
        (-58.33630945 -26.51650429 1.275)
        (-58.33630945 -15.90990258 1.275)
        (-58.33630945 -5.303300859 1.275)
        (-58.33630945 5.303300859 1.275)
        (-58.33630945 15.90990258 1.275)
        (-58.33630945 26.51650429 1.275)
        (-58.33630945 37.12310601 1.275)
        (-58.33630945 47.72970773 1.275)
        (-58.33630945 58.33630945 1.275)
        (-58.33630945 68.94291117 1.275)
        (-58.33630945 79.54951288 1.275)
        (-58.33630945 84.85281374 1.275)
        (-58.33630945 95.45941546 1.275)
        (-58.33630945 100.7627163 1.275)
        (-53.03300859 100.7627163 1.275)
        (-51.44201833 93.8684252 1.275)
        (-51.44201833 83.26182348 1.275)
        (-51.44201833 72.65522177 1.275)
        (-51.44201833 62.04862005 1.275)
        (-51.44201833 51.44201833 1.275)
        (-50.91168825 40.30508653 1.275)
        (-50.38135816 30.2288149 1.275)
        (-50.38135816 19.62221318 1.275)
        (-50.38135816 9.01561146 1.275)
        (-50.38135816 -1.590990258 1.275)
        (-50.38135816 -12.19759198 1.275)
        (-50.38135816 -22.80419369 1.275)
        (-50.38135816 -34.47145558 1.275)
        (-47.72970773 -37.12310601 1.275)
        (-47.72970773 -26.51650429 1.275)
        (-47.72970773 -15.90990258 1.275)
        (-47.72970773 -5.303300859 1.275)
        (-47.72970773 5.303300859 1.275)
        (-47.72970773 15.90990258 1.275)
        (-47.72970773 26.51650429 1.275)
        (-47.72970773 37.12310601 1.275)
        (-47.72970773 47.72970773 1.275)
        (-47.72970773 58.33630945 1.275)
        (-47.72970773 68.94291117 1.275)
        (-47.72970773 79.54951288 1.275)
        (-47.72970773 90.1561146 1.275)
        (-47.72970773 100.7627163 1.275)
        (-42.42640687 100.7627163 1.275)
        (-42.42640687 95.45941546 1.275)
        (-42.42640687 84.85281374 1.275)
        (-42.42640687 74.24621202 1.275)
        (-42.42640687 63.63961031 1.275)
        (-42.42640687 53.03300859 1.275)
        (-42.42640687 42.42640687 1.275)
        (-42.42640687 31.81980515 1.275)
        (-42.42640687 21.21320344 1.275)
        (-42.42640687 10.60660172 1.275)
        (-42.42640687 0.0 1.275)
        (-42.42640687 -10.60660172 1.275)
        (-42.42640687 -21.21320344 1.275)
        (-42.42640687 -31.81980515 1.275)
        (-42.42640687 -42.42640687 1.275)
        (-31.81980515 -42.42640687 1.275)
        (-33.41079541 -33.41079541 1.275)
        (-36.06244584 -25.45584412 1.275)
        (-35.00178567 -18.03122292 1.275)
        (-35.00178567 -7.424621202 1.275)
        (-35.53211575 3.712310601 1.275)
        (-35.53211575 14.31891232 1.275)
        (-35.53211575 24.92551404 1.275)
        (-35.53211575 35.53211575 1.275)
        (-35.53211575 46.13871747 1.275)
        (-35.53211575 56.74531919 1.275)
        (-35.53211575 67.35192091 1.275)
        (-35.53211575 77.95852263 1.275)
        (-35.53211575 88.56512434 1.275)
        (-35.53211575 99.17172606 1.275)
        (-31.81980515 95.45941546 1.275)
        (-31.81980515 84.85281374 1.275)
        (-31.81980515 74.24621202 1.275)
        (-31.81980515 63.63961031 1.275)
        (-31.81980515 53.03300859 1.275)
        (-31.81980515 42.42640687 1.275)
        (-31.81980515 31.81980515 1.275)
        (-31.81980515 21.21320344 1.275)
        (-31.81980515 10.60660172 1.275)
        (-31.81980515 0.0 1.275)
        (-31.81980515 -10.60660172 1.275)
        (-31.81980515 -21.21320344 1.275)
        (-31.81980515 -31.81980515 1.275)
        (-26.51650429 -26.51650429 1.275)
        (-26.51650429 -15.90990258 1.275)
        (-26.51650429 -5.303300859 1.275)
        (-26.51650429 5.303300859 1.275)
        (-26.51650429 15.90990258 1.275)
        (-26.51650429 26.51650429 1.275)
        (-26.51650429 37.12310601 1.275)
        (-26.51650429 47.72970773 1.275)
        (-26.51650429 58.33630945 1.275)
        (-26.51650429 68.94291117 1.275)
        (-26.51650429 79.54951288 1.275)
        (-26.51650429 90.1561146 1.275)
        (-26.51650429 100.7627163 1.275)
        (-21.21320344 100.7627163 1.275)
        (-21.21320344 95.45941546 1.275)
        (-21.21320344 84.85281374 1.275)
        (-21.21320344 74.24621202 1.275)
        (-21.21320344 63.63961031 1.275)
        (-21.21320344 53.03300859 1.275)
        (-21.21320344 42.42640687 1.275)
        (-20.15254326 30.75914498 1.275)
        (-20.15254326 20.15254326 1.275)
        (-19.09188309 10.60660172 1.275)
        (-19.09188309 0.0 1.275)
        (-19.62221318 -11.1369318 1.275)
        (-19.62221318 -21.74353352 1.275)
        (-15.90990258 -15.90990258 1.275)
        (-15.90990258 -5.303300859 1.275)
        (-15.90990258 5.303300859 1.275)
        (-15.90990258 15.90990258 1.275)
        (-15.90990258 26.51650429 1.275)
        (-15.90990258 37.12310601 1.275)
        (-15.90990258 47.72970773 1.275)
        (-15.90990258 58.33630945 1.275)
        (-15.90990258 68.94291117 1.275)
        (-15.90990258 79.54951288 1.275)
        (-15.90990258 90.1561146 1.275)
        (-15.90990258 100.7627163 1.275)
        (-10.60660172 95.45941546 1.275)
        (-10.60660172 84.85281374 1.275)
        (-10.60660172 74.24621202 1.275)
        (-10.60660172 63.63961031 1.275)
        (-10.60660172 53.03300859 1.275)
        (-10.60660172 42.42640687 1.275)
        (-10.60660172 31.81980515 1.275)
        (-10.60660172 21.21320344 1.275)
        (-10.60660172 10.60660172 1.275)
        (-10.60660172 0.0 1.275)
        (-10.60660172 -10.60660172 1.275)
        (-5.303300859 -5.303300859 1.275)
        (-2.651650429 -2.651650429 1.275)
        (-2.651650429 2.651650429 1.275)
        (-3.712310601 14.31891232 1.275)
        (-3.712310601 24.92551404 1.275)
        (-3.712310601 35.53211575 1.275)
        (-3.712310601 46.13871747 1.275)
        (-3.712310601 56.74531919 1.275)
        (-4.772970773 68.41258108 1.275)
        (-4.772970773 79.0191828 1.275)
        (-4.772970773 89.62578452 1.275)
        (0.0 84.85281374 1.275)
        (0.0 74.24621202 1.275)
        (0.0 63.63961031 1.275)
        (0.0 53.03300859 1.275)
        (0.0 42.42640687 1.275)
        (0.0 31.81980515 1.275)
        (0.0 21.21320344 1.275)
        (0.0 10.60660172 1.275)
        (0.0 0.0 1.275)
        (5.303300859 5.303300859 1.275)
        (5.303300859 15.90990258 1.275)
        (5.303300859 26.51650429 1.275)
        (5.303300859 37.12310601 1.275)
        (5.303300859 47.72970773 1.275)
        (5.303300859 58.33630945 1.275)
        (5.303300859 68.94291117 1.275)
        (5.303300859 79.54951288 1.275)
        (11.66726189 75.3068722 1.275)
        (10.60660172 63.63961031 1.275)
        (11.1369318 52.5026785 1.275)
        (11.66726189 41.3657467 1.275)
        (11.66726189 30.75914498 1.275)
        (12.19759198 19.62221318 1.275)
        (12.72792206 12.72792206 1.275)
        (15.90990258 15.90990258 1.275)
        (15.90990258 26.51650429 1.275)
        (15.90990258 37.12310601 1.275)
        (15.90990258 47.72970773 1.275)
        (15.90990258 58.33630945 1.275)
        (15.90990258 68.94291117 1.275)
        (19.62221318 65.23060056 1.275)
        (20.15254326 54.09366876 1.275)
        (20.15254326 43.48706704 1.275)
        (20.15254326 32.88046533 1.275)
        (20.15254326 22.27386361 1.275)
        (21.21320344 15.90990258 1.275)
        (26.51650429 15.90990258 1.275)
        (26.51650429 26.51650429 1.275)
        (26.51650429 37.12310601 1.275)
        (26.51650429 47.72970773 1.275)
        (26.51650429 58.33630945 1.275)
        (31.81980515 53.03300859 1.275)
        (31.81980515 42.42640687 1.275)
        (31.81980515 31.81980515 1.275)
        (42.42640687 42.42640687 1.275)
        (36.06244584 36.06244584 1.275)
        (35.53211575 48.26003782 1.275)
        (-84.85281374 79.54951288 1.275)
        (-68.94291117 79.54951288 1.275)
        (-53.03300859 79.54951288 1.275)
        (-39.24442636 79.54951288 1.275)
        (-24.92551404 81.14050314 1.275)
        (-9.01561146 81.14050314 1.275)
        (7.954951288 82.20116331 1.275)
        (22.27386361 59.39696962 1.275)
        (7.424621202 58.33630945 1.275)
        (-6.363961031 59.39696962 1.275)
        (-23.33452378 58.33630945 1.275)
        (-38.18376618 59.39696962 1.275)
        (-53.03300859 58.33630945 1.275)
        (-68.94291117 58.33630945 1.275)
        (-84.85281374 58.33630945 1.275)
        (-87.50446417 58.33630945 1.275)
        (-87.50446417 37.12310601 1.275)
        (-84.85281374 37.12310601 1.275)
        (-68.94291117 37.12310601 1.275)
        (-53.03300859 37.12310601 1.275)
        (-37.12310601 37.12310601 1.275)
        (-22.27386361 37.12310601 1.275)
        (-5.303300859 37.12310601 1.275)
        (10.60660172 37.12310601 1.275)
        (22.80419369 38.71409627 1.275)
        (33.41079541 28.10749455 1.275)
        (22.80419369 17.50089283 1.275)
        (10.60660172 15.90990258 1.275)
        (-5.303300859 15.90990258 1.275)
        (-22.80419369 14.31891232 1.275)
        (-38.18376618 14.8492424 1.275)
        (-52.5026785 15.37957249 1.275)
        (-67.88225099 14.8492424 1.275)
        (-84.85281374 15.90990258 1.275)
        (-90.1561146 10.60660172 1.275)
        (-89.09545443 -6.363961031 1.275)
        (-83.26182348 -6.894291117 1.275)
        (-67.35192091 -6.894291117 1.275)
        (-51.97234842 -6.363961031 1.275)
        (-37.12310601 -5.303300859 1.275)
        (-22.80419369 -6.894291117 1.275)
        (-18.56155301 -2.651650429 1.275)
        (-18.56155301 -23.86485387 1.275)
        (-21.21320344 -26.51650429 1.275)
        (-37.12310601 -26.51650429 1.275)
        (-53.03300859 -26.51650429 1.275)
    );
}

// ************************************************************************* //